0 0.513750 0.773333 0.307500 0.313333
0 0.801250 0.656667 0.177500 0.186667
2 0.948750 0.641667 0.102500 0.283333
0 0.580000 0.656667 0.170000 0.166667
0 0.621250 0.621667 0.137500 0.170000
0 0.395000 0.735000 0.210000 0.276667
0 0.272500 0.698333 0.200000 0.263333
0 0.175000 0.673333 0.145000 0.186667
2 0.071250 0.526667 0.137500 0.326667
2 0.420000 0.518333 0.090000 0.110000
1 0.027500 0.640000 0.030000 0.026667
1 0.523750 0.761667 0.097500 0.043333
1 0.275000 0.716667 0.045000 0.026667
1 0.813750 0.643333 0.052500 0.020000
1 0.977500 0.648333 0.045000 0.023333
