0 0.205000 0.834677 0.105000 0.161290
0 0.076250 0.941532 0.147500 0.116935
0 0.108750 0.629032 0.157500 0.096774
0 0.255000 0.667339 0.085000 0.108871
0 0.462500 0.923387 0.105000 0.153226
0 0.616250 0.858871 0.102500 0.209677
0 0.526250 0.758065 0.087500 0.129032
2 0.382500 0.717742 0.075000 0.169355
0 0.535000 0.635081 0.070000 0.092742
0 0.441250 0.576613 0.052500 0.080645
0 0.491250 0.536290 0.042500 0.064516
0 0.296250 0.564516 0.047500 0.064516
0 0.421250 0.530242 0.037500 0.068548
0 0.702500 0.625000 0.075000 0.088710
0 0.738750 0.754032 0.102500 0.120968
0 0.921250 0.713710 0.112500 0.120968
0 0.558750 0.485887 0.037500 0.060484
0 0.472500 0.469758 0.030000 0.052419
1 0.626250 0.941532 0.027500 0.020161
1 0.533750 0.800403 0.022500 0.020161
1 0.381250 0.780242 0.022500 0.020161
1 0.241250 0.695565 0.022500 0.012097
1 0.221250 0.881048 0.027500 0.020161
1 0.760000 0.800403 0.025000 0.012097
1 0.946250 0.737903 0.022500 0.016129
1 0.711250 0.635081 0.022500 0.012097
