2 0.585417 0.045370 0.086458 0.088889
1 0.560677 0.074537 0.007812 0.006481
0 0.687760 0.063426 0.026562 0.037963
0 0.738281 0.080093 0.053646 0.041667
0 0.708594 0.042593 0.019271 0.029630
0 0.727865 0.036574 0.017188 0.025000
0 0.741667 0.024537 0.012500 0.021296
1 0.684115 0.062500 0.007812 0.006481
0 0.818750 0.110648 0.055208 0.047222
0 0.858594 0.202778 0.099479 0.070370
0 0.882812 0.263889 0.128125 0.096296
0 0.888542 0.321296 0.153125 0.144444
0 0.921354 0.405556 0.157292 0.164815
0 0.943750 0.591204 0.112500 0.193519
0 0.369010 0.162500 0.116146 0.082407
1 0.421875 0.170833 0.006250 0.013889
0 0.277604 0.208333 0.065625 0.151852
1 0.281250 0.257407 0.018750 0.016667
0 0.045833 0.480093 0.090625 0.212037
0 0.093490 0.320370 0.138021 0.157407
1 0.034375 0.379630 0.011458 0.011111
