0 0.186458 0.502778 0.209375 0.229630
0 0.092969 0.323611 0.139063 0.162037
1 0.109635 0.560648 0.019271 0.028704
1 0.035156 0.379630 0.011979 0.012963
0 0.944010 0.591204 0.111979 0.182407
0 0.948698 0.470833 0.102604 0.125000
1 0.901823 0.472222 0.006771 0.027778
0 0.921354 0.386574 0.157292 0.128704
0 0.887500 0.309722 0.151042 0.121296
0 0.883854 0.264352 0.127083 0.093519
0 0.857812 0.201852 0.101042 0.070370
0 0.746094 0.088889 0.058854 0.046296
0 0.576823 0.137963 0.074479 0.068519
1 0.555208 0.137963 0.012500 0.011111
0 0.602344 0.070370 0.039062 0.051852
1 0.594531 0.081481 0.008854 0.005556
2 0.584896 0.043056 0.081250 0.084259
1 0.560937 0.074537 0.007292 0.006481
0 0.672396 0.076852 0.031250 0.046296
0 0.710156 0.049537 0.020313 0.030556
0 0.717448 0.037037 0.016146 0.025926
1 0.667969 0.081944 0.007812 0.006481
