0 0.944271 0.589352 0.111458 0.191667
0 0.920833 0.403704 0.158333 0.159259
0 0.888281 0.317593 0.154688 0.137037
0 0.882812 0.265741 0.130208 0.107407
0 0.857031 0.205093 0.100521 0.078704
0 0.952865 0.164352 0.041146 0.054630
0 0.839583 0.114815 0.055208 0.029630
0 0.759375 0.088889 0.054167 0.040741
0 0.724479 0.038426 0.017708 0.026852
0 0.689844 0.068056 0.028646 0.045370
0 0.633333 0.107407 0.043750 0.059259
1 0.625781 0.119907 0.014063 0.010185
0 0.597656 0.082407 0.045312 0.061111
1 0.589323 0.093056 0.008854 0.008333
2 0.584115 0.045370 0.080729 0.081481
0 0.485938 0.224074 0.097917 0.109259
1 0.463021 0.233796 0.018750 0.015741
0 0.340365 0.164815 0.108854 0.081481
1 0.388542 0.171759 0.009375 0.013889
0 0.237500 0.168519 0.079167 0.105556
1 0.262500 0.200463 0.012500 0.012037
0 0.092188 0.431019 0.183333 0.249074
0 0.094531 0.320833 0.138021 0.158333
1 0.035156 0.380556 0.011979 0.011111
