0 0.100260 0.660185 0.199479 0.307407
0 0.093490 0.323611 0.140104 0.162037
0 0.316667 0.168056 0.103125 0.078704
0 0.520312 0.197685 0.086458 0.110185
0 0.944271 0.590741 0.111458 0.187037
0 0.948698 0.473611 0.102604 0.126852
1 0.901823 0.472685 0.006771 0.025000
0 0.921354 0.388889 0.157292 0.133333
0 0.888281 0.318056 0.152604 0.137963
0 0.884115 0.267130 0.126562 0.100926
0 0.859375 0.206019 0.102083 0.075000
0 0.746094 0.089815 0.058854 0.046296
0 0.704948 0.044907 0.023438 0.034259
2 0.584115 0.042130 0.080729 0.082407
1 0.560677 0.074537 0.007812 0.006481
1 0.500781 0.224074 0.016146 0.012963
0 0.631771 0.109722 0.042708 0.056481
1 0.624219 0.114352 0.011979 0.008333
1 0.357812 0.176389 0.009375 0.010185
1 0.035156 0.379630 0.013021 0.011111
