0 0.438477 0.479167 0.176953 0.195833
0 0.714063 0.636458 0.217969 0.253472
0 0.956836 0.765278 0.086328 0.173611
0 0.795703 0.226736 0.062500 0.177083
0 0.690039 0.164931 0.081641 0.182639
1 0.508203 0.490625 0.012500 0.036806
1 0.927344 0.735417 0.007031 0.040278
0 0.960938 0.027083 0.041406 0.052778
1 0.792188 0.284375 0.016406 0.014583
1 0.678516 0.221181 0.017188 0.013194
2 0.166211 0.300694 0.112891 0.163889
1 0.207617 0.340278 0.012891 0.026389
0 0.105469 0.277778 0.058594 0.093056
0 0.065039 0.251042 0.051172 0.081250
1 0.079883 0.264931 0.008984 0.017361
0 0.026172 0.228472 0.035937 0.069444
1 0.031836 0.226042 0.008203 0.015972
0 0.177344 0.142708 0.078125 0.088194
1 0.205469 0.128472 0.007031 0.015278
0 0.083984 0.146875 0.043750 0.057639
1 0.095508 0.140972 0.008203 0.013889
