1 0.373437 0.341667 0.148958 0.164815
0 0.092448 0.324074 0.138021 0.161111
0 0.943229 0.588889 0.113542 0.187037
0 0.948698 0.472685 0.102604 0.126852
1 0.902083 0.473611 0.007292 0.026852
0 0.920833 0.391204 0.158333 0.132407
0 0.888802 0.315741 0.153646 0.135185
0 0.884375 0.264815 0.127083 0.094444
0 0.858594 0.203704 0.099479 0.070370
0 0.746354 0.089352 0.058333 0.047222
0 0.708854 0.046296 0.018750 0.031481
1 0.705729 0.051852 0.006250 0.005556
0 0.661719 0.074074 0.033854 0.046296
1 0.657552 0.070833 0.007812 0.008333
2 0.583854 0.042593 0.080208 0.083333
1 0.560937 0.074537 0.008333 0.006481
1 0.034635 0.379630 0.010937 0.011111
0 0.148698 0.158796 0.059896 0.060185
1 0.167969 0.166667 0.008854 0.009259
1 0.331250 0.376389 0.021875 0.021296
