0 0.169531 0.344444 0.163021 0.207407
1 0.107031 0.412963 0.019271 0.016667
2 0.582812 0.043981 0.080208 0.086111
1 0.561198 0.075926 0.007812 0.005556
0 0.642969 0.059722 0.028646 0.039815
2 0.675260 0.029630 0.034896 0.053704
0 0.708073 0.114352 0.035937 0.058333
0 0.742188 0.086111 0.057292 0.055556
0 0.729948 0.035648 0.016146 0.021296
0 0.862240 0.223148 0.098437 0.061111
0 0.864583 0.236111 0.066667 0.053704
0 0.900000 0.277315 0.139583 0.080556
0 0.911198 0.326389 0.134896 0.095370
0 0.921354 0.387500 0.157292 0.117593
0 0.940104 0.477315 0.119792 0.152778
1 0.886198 0.471759 0.006771 0.026852
1 0.705469 0.113426 0.010937 0.008333
