0 0.744727 0.903125 0.166016 0.150694
0 0.575000 0.834722 0.156250 0.159722
0 0.434570 0.956944 0.178516 0.086111
0 0.268164 0.875694 0.123047 0.159722
0 0.403906 0.762153 0.138281 0.147917
0 0.203516 0.638542 0.070312 0.100694
0 0.156836 0.598958 0.056641 0.078472
0 0.120898 0.564931 0.029297 0.072917
0 0.069922 0.644444 0.052344 0.088889
1 0.078906 0.663194 0.009375 0.012500
1 0.122070 0.587500 0.008984 0.008333
1 0.227734 0.660069 0.010156 0.013194
0 0.053906 0.535069 0.036719 0.053472
0 0.024414 0.550694 0.035547 0.056944
0 0.051953 0.500694 0.027344 0.038889
1 0.063477 0.544792 0.006641 0.009028
1 0.031641 0.562847 0.006250 0.010417
1 0.304102 0.899653 0.015234 0.024306
1 0.462305 0.795139 0.011328 0.019444
