2 0.277083 0.139815 0.123958 0.129630
1 0.327865 0.169907 0.009896 0.010185
2 0.583854 0.043519 0.080208 0.085185
1 0.560937 0.074074 0.008333 0.007407
0 0.708594 0.114815 0.035937 0.059259
1 0.705729 0.114352 0.010417 0.008333
0 0.719792 0.018981 0.013542 0.019444
0 0.862240 0.206019 0.090104 0.060185
0 0.862760 0.224537 0.098437 0.067593
0 0.901823 0.279167 0.138021 0.086111
0 0.911458 0.328704 0.134375 0.100000
0 0.921615 0.389352 0.156771 0.126852
0 0.940885 0.480556 0.118229 0.157407
1 0.887500 0.474074 0.006250 0.027778
