0 0.781771 0.456019 0.259375 0.332407
1 0.881510 0.571296 0.029687 0.029630
0 0.853125 0.214815 0.133333 0.116667
1 0.802865 0.231019 0.015104 0.017593
0 0.780729 0.175463 0.136458 0.115741
1 0.727083 0.190741 0.012500 0.014815
0 0.693490 0.139352 0.123438 0.091667
1 0.642708 0.149537 0.009375 0.012037
0 0.454427 0.154167 0.082812 0.099074
1 0.468750 0.157870 0.019792 0.012037
0 0.557292 0.075000 0.093750 0.062963
0 0.503385 0.070833 0.056771 0.052778
0 0.450521 0.086574 0.063542 0.056481
0 0.404427 0.113426 0.060937 0.084259
0 0.421094 0.048611 0.048438 0.058333
0 0.283333 0.109722 0.082292 0.067593
0 0.243229 0.084722 0.072917 0.049074
0 0.151302 0.104167 0.050521 0.060185
1 0.136719 0.120833 0.007812 0.008333
0 0.114844 0.112963 0.046354 0.061111
1 0.097917 0.131019 0.008333 0.008333
0 0.297396 0.034722 0.043750 0.032407
