0 0.093490 0.327315 0.140104 0.175000
1 0.034635 0.380093 0.013021 0.010185
1 0.177344 0.487963 0.023438 0.025926
0 0.249479 0.446296 0.193750 0.205556
0 0.569531 0.161111 0.067187 0.085185
1 0.555469 0.180093 0.017188 0.010185
0 0.399740 0.195370 0.104688 0.122222
1 0.366146 0.229630 0.016667 0.011111
0 0.338802 0.165278 0.106771 0.084259
1 0.216667 0.182870 0.012500 0.012037
0 0.193750 0.158333 0.075000 0.090741
2 0.584115 0.043056 0.082812 0.084259
1 0.561458 0.074074 0.011458 0.007407
0 0.638281 0.058333 0.033854 0.046296
0 0.660937 0.088426 0.037500 0.047222
1 0.655729 0.088889 0.009375 0.009259
1 0.633073 0.066204 0.006771 0.006481
0 0.714583 0.047685 0.020833 0.028704
0 0.764583 0.091204 0.055208 0.047222
0 0.871615 0.128704 0.056771 0.050000
0 0.937760 0.149537 0.036979 0.049074
1 0.946615 0.159722 0.007812 0.008333
0 0.858594 0.201852 0.099479 0.066667
0 0.884115 0.263426 0.125521 0.093519
0 0.888281 0.313889 0.151562 0.131481
0 0.919271 0.405556 0.161458 0.164815
0 0.944010 0.590278 0.111979 0.187963
