0 0.943750 0.589352 0.112500 0.197222
0 0.921094 0.403704 0.157812 0.162963
0 0.886979 0.308796 0.154167 0.126852
0 0.884115 0.264815 0.128646 0.100000
0 0.858073 0.200463 0.102604 0.076852
0 0.944792 0.162963 0.050000 0.057407
0 0.918750 0.131019 0.031250 0.041667
0 0.810417 0.100926 0.057292 0.037037
2 0.584375 0.045833 0.081250 0.089815
0 0.683594 0.072222 0.034896 0.044444
0 0.682813 0.035648 0.022917 0.034259
0 0.547656 0.183796 0.077604 0.091667
0 0.438802 0.188889 0.092188 0.105556
0 0.339583 0.164815 0.110417 0.085185
0 0.093750 0.316204 0.139583 0.152778
0 0.068750 0.474074 0.136458 0.279630
0 0.232813 0.468056 0.204167 0.236111
1 0.161979 0.541204 0.025000 0.030556
1 0.410417 0.207407 0.016667 0.011111
1 0.531771 0.189352 0.017708 0.012037
1 0.388542 0.174537 0.010417 0.008333
1 0.576562 0.094907 0.010417 0.006481
0 0.585417 0.083333 0.045833 0.059259
1 0.678646 0.071296 0.007292 0.005556
0 0.086198 0.149537 0.035937 0.052778
