0 0.944271 0.591204 0.111458 0.189815
0 0.948698 0.471759 0.102604 0.128704
1 0.901302 0.472685 0.006771 0.028704
0 0.920833 0.389815 0.158333 0.135185
0 0.888021 0.313889 0.152083 0.131481
0 0.884635 0.264815 0.127604 0.098148
0 0.858073 0.202778 0.098437 0.072222
0 0.746615 0.089815 0.057813 0.048148
0 0.682552 0.059259 0.029687 0.040741
0 0.716146 0.040278 0.017708 0.026852
0 0.715365 0.018056 0.015104 0.021296
2 0.583333 0.042130 0.081250 0.082407
1 0.560937 0.074074 0.009375 0.005556
0 0.539844 0.190741 0.077604 0.092593
1 0.522656 0.204167 0.016146 0.013889
0 0.224219 0.165278 0.078646 0.063889
1 0.252865 0.175000 0.009896 0.011111
0 0.093229 0.323148 0.138542 0.159259
1 0.034896 0.379630 0.012500 0.009259
0 0.224740 0.461574 0.189062 0.223148
1 0.162760 0.540741 0.023438 0.022222
