2 0.126823 0.367593 0.252604 0.411111
0 0.482552 0.140741 0.076563 0.103704
1 0.461458 0.166667 0.013542 0.007407
0 0.565885 0.091667 0.049479 0.057407
1 0.555469 0.106019 0.010937 0.006481
2 0.583854 0.042593 0.081250 0.083333
0 0.704167 0.027315 0.016667 0.021296
0 0.708073 0.113889 0.035937 0.055556
1 0.705469 0.113889 0.009896 0.007407
0 0.861719 0.205093 0.092188 0.060185
0 0.864062 0.226852 0.101042 0.068519
0 0.901563 0.279630 0.137500 0.081481
0 0.911458 0.326852 0.133333 0.094444
0 0.921354 0.387963 0.157292 0.124074
0 0.940104 0.477315 0.119792 0.150926
1 0.886458 0.470833 0.005208 0.028704
