0 0.945312 0.590278 0.109375 0.189815
0 0.920573 0.403704 0.158854 0.162963
0 0.887240 0.311574 0.151562 0.126852
0 0.883854 0.265278 0.129167 0.099074
0 0.857812 0.206944 0.100000 0.076852
0 0.791406 0.101852 0.059896 0.048148
0 0.699740 0.056019 0.022396 0.037963
0 0.716406 0.040278 0.018229 0.026852
0 0.727083 0.032407 0.014583 0.024074
2 0.584115 0.042593 0.080729 0.083333
0 0.409635 0.160185 0.120313 0.081481
1 0.465885 0.171759 0.003646 0.010185
0 0.474479 0.256944 0.107292 0.119444
1 0.445573 0.295370 0.019271 0.016667
0 0.100781 0.297222 0.124479 0.105556
0 0.063802 0.446296 0.126562 0.281481
