0 0.940104 0.475000 0.119792 0.140741
1 0.887240 0.473611 0.005729 0.028704
0 0.921354 0.388889 0.155208 0.127778
0 0.911198 0.328704 0.132812 0.098148
0 0.901823 0.278241 0.140104 0.082407
0 0.865104 0.225463 0.105208 0.067593
0 0.861979 0.204630 0.092708 0.062963
0 0.707292 0.113426 0.037500 0.056481
1 0.705990 0.113889 0.010937 0.007407
0 0.705729 0.024537 0.015625 0.021296
2 0.583333 0.042130 0.079167 0.082407
1 0.561719 0.075463 0.009896 0.008333
2 0.355469 0.136111 0.147396 0.135185
1 0.423698 0.161111 0.005729 0.011111
