0 0.140253 0.520066 0.218750 0.298026
0 0.328497 0.460197 0.270089 0.298026
0 0.437314 0.337829 0.199033 0.194079
0 0.873884 0.308224 0.163690 0.116447
0 0.825707 0.269737 0.152158 0.113158
0 0.773810 0.250658 0.110863 0.093421
0 0.743490 0.220724 0.155878 0.113816
0 0.660156 0.184539 0.116443 0.070395
0 0.370722 0.191118 0.146949 0.096711
0 0.151972 0.352961 0.202753 0.163816
0 0.178943 0.278289 0.186012 0.109211
1 0.420945 0.544408 0.036086 0.037500
1 0.196987 0.590789 0.039807 0.036842
0 0.226935 0.235526 0.133185 0.075000
1 0.099888 0.291776 0.015253 0.016447
0 0.077939 0.154934 0.095610 0.058553
0 0.031994 0.193092 0.063244 0.070395
0 0.269159 0.147039 0.106771 0.061184
0 0.825893 0.144408 0.044643 0.042763
