0 0.092708 0.325000 0.141667 0.162963
1 0.034635 0.380093 0.011979 0.010185
0 0.944531 0.590741 0.110937 0.185185
0 0.948438 0.473611 0.103125 0.128704
1 0.901563 0.472685 0.006250 0.026852
0 0.921615 0.388889 0.156771 0.129630
0 0.887240 0.312500 0.151562 0.126852
0 0.883594 0.264352 0.126562 0.097222
0 0.857812 0.203241 0.098958 0.069444
0 0.390625 0.168056 0.116667 0.076852
1 0.440885 0.180093 0.007812 0.010185
0 0.476302 0.237500 0.097396 0.117593
1 0.450521 0.263426 0.018750 0.015741
2 0.583594 0.042130 0.080729 0.082407
1 0.560937 0.074074 0.008333 0.005556
0 0.666406 0.087963 0.034896 0.046296
1 0.661719 0.088889 0.008854 0.007407
0 0.746354 0.087500 0.059375 0.039815
0 0.667448 0.039352 0.023438 0.032407
0 0.691927 0.056944 0.024479 0.039815
0 0.713281 0.044444 0.020313 0.029630
