2 0.583333 0.043519 0.080208 0.085185
1 0.560937 0.074537 0.008333 0.008333
0 0.470573 0.140741 0.078646 0.090741
1 0.448437 0.168056 0.014583 0.006481
0 0.564583 0.161574 0.062500 0.080556
1 0.552604 0.172222 0.015625 0.012963
0 0.661979 0.081019 0.034375 0.043519
1 0.655990 0.081019 0.008854 0.006481
0 0.746094 0.088889 0.058854 0.044444
0 0.706250 0.050000 0.020833 0.033333
0 0.725000 0.037500 0.015625 0.025000
0 0.702083 0.024537 0.018750 0.030556
0 0.858594 0.204630 0.099479 0.070370
0 0.884115 0.264352 0.125521 0.095370
0 0.889583 0.311111 0.153125 0.122222
0 0.922135 0.388889 0.155729 0.131481
0 0.948958 0.472222 0.102083 0.124074
1 0.901302 0.473611 0.006771 0.026852
0 0.943750 0.590278 0.112500 0.182407
0 0.118490 0.571296 0.229687 0.277778
1 0.023958 0.620370 0.020833 0.031481
0 0.092188 0.320370 0.138542 0.157407
1 0.034896 0.380093 0.011458 0.012037
