0 0.237240 0.325926 0.145313 0.162963
1 0.181510 0.375926 0.017188 0.012963
2 0.502865 0.105093 0.110937 0.136111
1 0.473177 0.152778 0.013021 0.007407
2 0.583854 0.043519 0.079167 0.085185
1 0.561198 0.075463 0.007812 0.004630
0 0.708594 0.114352 0.035937 0.058333
1 0.705469 0.113426 0.010937 0.008333
0 0.863021 0.205093 0.089583 0.050926
0 0.853646 0.224537 0.079167 0.062037
0 0.887240 0.238889 0.058854 0.042593
0 0.901042 0.276852 0.140625 0.081481
0 0.910937 0.326852 0.135417 0.096296
0 0.920833 0.384259 0.158333 0.124074
0 0.940365 0.480556 0.119271 0.159259
1 0.887240 0.473148 0.006771 0.029630
