0 0.944531 0.591204 0.110937 0.186111
0 0.948958 0.472685 0.102083 0.125000
1 0.901823 0.473611 0.006771 0.026852
0 0.921615 0.388889 0.156771 0.129630
0 0.887760 0.312963 0.151562 0.127778
0 0.884635 0.264352 0.129688 0.095370
0 0.857812 0.202778 0.101042 0.068519
0 0.746615 0.089815 0.058854 0.046296
0 0.713802 0.038426 0.020313 0.030556
0 0.664583 0.080093 0.033333 0.043519
0 0.595313 0.132870 0.057292 0.071296
1 0.585156 0.153241 0.014063 0.012037
1 0.660156 0.084722 0.010937 0.008333
2 0.584635 0.042593 0.081771 0.083333
1 0.561198 0.074537 0.008854 0.006481
0 0.350781 0.169444 0.107813 0.074074
1 0.395573 0.176852 0.009896 0.011111
1 0.385417 0.323611 0.020833 0.017593
0 0.420312 0.305093 0.126042 0.147222
0 0.094271 0.324074 0.138542 0.159259
1 0.034896 0.380093 0.012500 0.012037
