0 0.945052 0.587500 0.109896 0.186111
0 0.948438 0.471296 0.103125 0.122222
1 0.901563 0.473148 0.007292 0.027778
0 0.919531 0.389352 0.152604 0.126852
0 0.888542 0.309722 0.150000 0.125000
0 0.884115 0.263426 0.126562 0.095370
0 0.858854 0.202778 0.098958 0.068519
0 0.746615 0.088889 0.057813 0.044444
0 0.437760 0.268519 0.116146 0.129630
1 0.406510 0.292593 0.020313 0.016667
0 0.093490 0.323611 0.139063 0.160185
1 0.034635 0.380556 0.011979 0.012963
0 0.558333 0.096296 0.052083 0.068519
0 0.625260 0.109259 0.048438 0.057407
1 0.615104 0.109259 0.010417 0.009259
1 0.546354 0.109259 0.010417 0.005556
2 0.583854 0.041204 0.079167 0.080556
0 0.691667 0.061111 0.026042 0.037037
1 0.689063 0.064352 0.007292 0.004630
0 0.718229 0.043981 0.017708 0.028704
