0 0.109115 0.152315 0.051562 0.052778
0 0.092448 0.322685 0.138021 0.160185
1 0.034635 0.379630 0.011979 0.009259
0 0.154167 0.569444 0.228125 0.257407
1 0.068750 0.637963 0.022917 0.031481
0 0.944271 0.591667 0.111458 0.187037
0 0.953385 0.474537 0.093229 0.128704
1 0.911719 0.479167 0.007812 0.026852
0 0.920312 0.393056 0.159375 0.139815
0 0.887760 0.318981 0.153646 0.139815
0 0.884115 0.264352 0.129688 0.097222
0 0.858854 0.204167 0.101042 0.069444
0 0.746094 0.089815 0.057813 0.046296
0 0.702604 0.052315 0.022917 0.034259
0 0.647656 0.085648 0.039062 0.052778
1 0.642708 0.082870 0.010417 0.008333
0 0.728385 0.031944 0.015104 0.023148
2 0.583854 0.043056 0.080208 0.084259
1 0.560677 0.073611 0.008854 0.006481
