0 0.944531 0.590741 0.110937 0.187037
0 0.948958 0.473148 0.102083 0.127778
1 0.901823 0.473148 0.006771 0.025926
0 0.921094 0.389352 0.157812 0.130556
0 0.887760 0.311111 0.149479 0.122222
0 0.884635 0.264352 0.127604 0.097222
0 0.858594 0.202315 0.099479 0.067593
0 0.747396 0.088889 0.060417 0.044444
2 0.583854 0.042593 0.081250 0.083333
1 0.560677 0.074074 0.008854 0.005556
0 0.629687 0.119907 0.046875 0.062037
1 0.622917 0.122685 0.012500 0.008333
0 0.673438 0.070833 0.031250 0.045370
0 0.680469 0.032870 0.022396 0.028704
0 0.703906 0.051852 0.021354 0.031481
0 0.373698 0.167593 0.111979 0.075926
1 0.420833 0.178241 0.009375 0.012037
0 0.093750 0.322222 0.138542 0.157407
1 0.035156 0.380556 0.013021 0.012963
0 0.189323 0.508796 0.199479 0.234259
1 0.118229 0.575926 0.022917 0.027778
