0 0.092969 0.326389 0.138021 0.167593
0 0.501302 0.159722 0.123438 0.084259
1 0.034896 0.379630 0.011458 0.011111
0 0.944531 0.591667 0.110937 0.185185
0 0.948698 0.471759 0.102604 0.125000
1 0.901042 0.473148 0.007292 0.025926
0 0.921354 0.389815 0.157292 0.125926
0 0.886458 0.308796 0.148958 0.117593
0 0.883854 0.263889 0.127083 0.094444
0 0.857812 0.202778 0.098958 0.070370
2 0.583073 0.043056 0.079687 0.084259
1 0.561198 0.074537 0.008854 0.006481
0 0.636719 0.104630 0.041146 0.055556
1 0.630729 0.112037 0.010417 0.007407
0 0.632812 0.056019 0.031250 0.041667
1 0.626563 0.065278 0.007292 0.004630
0 0.745573 0.087963 0.059896 0.040741
0 0.700521 0.059259 0.022917 0.038889
0 0.709115 0.042130 0.019271 0.028704
0 0.725000 0.036574 0.015625 0.023148
