0 0.048698 0.697685 0.096354 0.237963
0 0.092188 0.323611 0.143750 0.167593
0 0.265625 0.294444 0.150000 0.192593
0 0.338281 0.166204 0.115104 0.087963
0 0.507031 0.139815 0.071354 0.081481
0 0.471875 0.252778 0.108333 0.129630
0 0.666146 0.084722 0.041667 0.052778
0 0.611979 0.068056 0.040625 0.052778
2 0.584635 0.045833 0.084896 0.089815
0 0.945052 0.597685 0.109896 0.206481
0 0.922135 0.403704 0.155729 0.164815
0 0.889323 0.315278 0.152604 0.136111
0 0.885417 0.267130 0.131250 0.108333
0 0.858333 0.204167 0.101042 0.078704
0 0.963802 0.175463 0.050521 0.063889
0 0.843490 0.115741 0.057813 0.037037
0 0.919271 0.131019 0.031250 0.039815
1 0.035156 0.379630 0.011979 0.011111
1 0.207292 0.353241 0.017708 0.013889
1 0.443490 0.265278 0.021354 0.013889
1 0.492188 0.155556 0.013542 0.009259
1 0.387760 0.173611 0.008854 0.012037
1 0.604167 0.078704 0.009375 0.007407
1 0.662240 0.083333 0.009896 0.007407
0 0.691667 0.033333 0.022917 0.031481
