0 0.945312 0.592130 0.109375 0.193519
0 0.921094 0.395833 0.157812 0.152778
0 0.888021 0.316667 0.155208 0.135185
0 0.884375 0.264352 0.129167 0.099074
0 0.859115 0.204630 0.099479 0.072222
0 0.914062 0.146759 0.055208 0.050926
0 0.779427 0.093519 0.055729 0.044444
0 0.700000 0.059259 0.026042 0.038889
0 0.666667 0.043519 0.026042 0.038889
0 0.614323 0.126852 0.051562 0.068519
1 0.606510 0.128241 0.011979 0.012037
2 0.583073 0.043056 0.081771 0.084259
0 0.528646 0.115741 0.065625 0.079630
1 0.513281 0.132870 0.013021 0.010185
0 0.447396 0.263426 0.117708 0.130556
1 0.418229 0.297685 0.021875 0.019444
0 0.338021 0.166204 0.110417 0.087963
0 0.236198 0.333796 0.151562 0.173148
1 0.388281 0.174074 0.009896 0.011111
1 0.174740 0.384259 0.019271 0.016667
0 0.093229 0.325000 0.137500 0.166667
1 0.034635 0.380093 0.013021 0.013889
0 0.132031 0.151389 0.063021 0.076852
1 0.152865 0.170833 0.010937 0.010185
