0 0.944010 0.592593 0.111979 0.194444
0 0.921094 0.399074 0.157812 0.161111
0 0.888281 0.315741 0.152604 0.137037
0 0.883073 0.262963 0.130729 0.101852
0 0.857812 0.202315 0.098958 0.071296
0 0.969792 0.179630 0.036458 0.059259
1 0.976562 0.192130 0.008333 0.010185
0 0.826302 0.111111 0.056771 0.040741
0 0.757292 0.088889 0.055208 0.046296
0 0.730990 0.033796 0.016146 0.026852
0 0.704427 0.053704 0.023438 0.035185
0 0.666667 0.080093 0.034375 0.050926
1 0.661719 0.088426 0.011979 0.008333
0 0.584896 0.143056 0.061458 0.069444
1 0.571615 0.145370 0.014063 0.011111
2 0.583594 0.043056 0.084896 0.084259
1 0.560417 0.074074 0.008333 0.007407
0 0.541667 0.117130 0.063542 0.076852
1 0.527083 0.132407 0.012500 0.009259
0 0.258594 0.177315 0.080729 0.115741
1 0.282292 0.213889 0.014583 0.014815
0 0.340885 0.166204 0.110937 0.086111
1 0.388802 0.173611 0.007812 0.012037
0 0.093490 0.323611 0.138021 0.160185
1 0.035156 0.380093 0.011979 0.013889
