0 0.940365 0.482407 0.119271 0.164815
1 0.885938 0.472685 0.006250 0.026852
0 0.912760 0.386111 0.138021 0.124074
0 0.911719 0.320833 0.133854 0.082407
0 0.901042 0.277778 0.140625 0.083333
0 0.866667 0.239815 0.066667 0.059259
0 0.861458 0.218056 0.097917 0.054630
0 0.862240 0.204630 0.092188 0.062963
0 0.708333 0.114815 0.036458 0.057407
1 0.705729 0.112963 0.010417 0.007407
0 0.528385 0.124074 0.057813 0.066667
1 0.514062 0.138426 0.012500 0.006481
2 0.616927 0.053704 0.057813 0.081481
1 0.604688 0.078241 0.009375 0.006481
2 0.584375 0.042593 0.077083 0.083333
1 0.561458 0.075926 0.009375 0.005556
