0 0.093490 0.325000 0.140104 0.164815
1 0.035156 0.379630 0.011979 0.011111
0 0.944531 0.592130 0.110937 0.186111
0 0.922135 0.404167 0.155729 0.160185
0 0.888021 0.316667 0.152083 0.135185
0 0.884115 0.265741 0.127604 0.098148
0 0.858594 0.202778 0.100521 0.070370
0 0.769271 0.094444 0.059375 0.044444
0 0.711198 0.044444 0.020313 0.029630
0 0.725260 0.034259 0.016146 0.022222
0 0.733854 0.027778 0.013542 0.020370
0 0.622917 0.119907 0.044792 0.060185
1 0.614844 0.134722 0.011979 0.008333
2 0.584375 0.042130 0.081250 0.082407
1 0.560937 0.075000 0.008333 0.005556
0 0.493229 0.152778 0.116667 0.079630
