0 0.940365 0.479167 0.119271 0.150926
1 0.886979 0.472685 0.008333 0.030556
0 0.921094 0.385648 0.157812 0.126852
0 0.912240 0.327778 0.135937 0.098148
0 0.901302 0.273611 0.140104 0.080556
0 0.863542 0.221296 0.101042 0.066667
0 0.862500 0.204630 0.092708 0.062963
0 0.708594 0.114352 0.034896 0.058333
1 0.705729 0.115278 0.010417 0.008333
2 0.583594 0.043056 0.079687 0.084259
1 0.561198 0.075926 0.008854 0.007407
2 0.300521 0.218519 0.213542 0.257407
1 0.224219 0.315278 0.015104 0.012037
0 0.078646 0.464352 0.156250 0.213889
