0 0.055208 0.726852 0.109375 0.255556
0 0.945052 0.593981 0.109896 0.191667
0 0.920833 0.400926 0.158333 0.159259
0 0.888802 0.317593 0.153646 0.138889
0 0.883854 0.264815 0.133333 0.105556
0 0.858594 0.204167 0.100521 0.080556
0 0.817187 0.109259 0.058333 0.040741
0 0.710156 0.069444 0.044271 0.040741
0 0.704688 0.050463 0.021875 0.034259
0 0.719010 0.037037 0.017188 0.027778
0 0.734375 0.034259 0.014583 0.027778
2 0.584635 0.043519 0.082812 0.085185
1 0.561198 0.074537 0.009896 0.006481
0 0.390365 0.162037 0.118229 0.085185
1 0.445052 0.171759 0.005729 0.010185
0 0.242969 0.265278 0.107813 0.197222
1 0.213021 0.340741 0.019792 0.012963
0 0.093490 0.322685 0.136979 0.160185
1 0.034896 0.380093 0.011458 0.012037
