0 0.940365 0.477778 0.119271 0.153704
1 0.886979 0.472222 0.006250 0.027778
0 0.921094 0.387963 0.157812 0.125926
0 0.910937 0.325463 0.134375 0.095370
0 0.900781 0.281019 0.139063 0.087963
0 0.864844 0.223611 0.105729 0.067593
0 0.861979 0.204167 0.092708 0.062037
0 0.730990 0.028241 0.016146 0.025000
0 0.708854 0.113426 0.034375 0.058333
1 0.705729 0.113426 0.011458 0.008333
2 0.583594 0.042130 0.077604 0.082407
1 0.561198 0.075463 0.008854 0.004630
2 0.183333 0.139352 0.093750 0.115741
1 0.217969 0.168056 0.009896 0.008333
