0 0.092969 0.324537 0.136979 0.163889
1 0.034896 0.380093 0.011458 0.012037
0 0.335938 0.223148 0.116667 0.135185
1 0.295573 0.267130 0.016146 0.010185
0 0.428385 0.272222 0.124479 0.148148
1 0.392969 0.289352 0.021354 0.017593
0 0.944271 0.590741 0.111458 0.185185
0 0.948698 0.471759 0.102604 0.125000
1 0.901042 0.472222 0.007292 0.029630
0 0.921615 0.388889 0.156771 0.127778
0 0.886719 0.311111 0.149479 0.124074
0 0.882292 0.264352 0.130208 0.099074
0 0.858073 0.202778 0.099479 0.072222
0 0.747656 0.090278 0.059896 0.050926
0 0.617708 0.115278 0.044792 0.060185
1 0.609896 0.121296 0.013542 0.012963
0 0.683854 0.065278 0.027083 0.039815
0 0.683854 0.031481 0.022917 0.033333
0 0.715104 0.043519 0.018750 0.029630
2 0.582812 0.043056 0.079167 0.084259
1 0.561198 0.074537 0.008854 0.006481
